1.000000000000000000e+00 1.239508165580793658e-01 -1.550398161336368485e-01 -1.283252016148850871e-01 -1.334721736271648751e-01 -1.491090950223121492e-01 -1.482735916063952775e-01 -1.458935862593770671e-01 -1.451039308453452581e-01 -1.621817544434194514e-01 -1.574269596881339717e-01 -1.361982104759255074e-01 -1.506003219262511961e-01 -1.306711127429337205e-01 -1.182681959101382629e-01 -1.687804495260646631e-01 -1.397479432489728557e-01 -1.206743401742624289e-01 -1.655084528452879511e-01 -1.532213053491954524e-01 -1.443055401312334229e-01 -1.337525866765897353e-01 -1.189019117542607640e-01 -1.123044341478943581e-01 -1.424689960438473291e-01 -1.315581379298106368e-01 -1.290395324599965809e-01 2.919857833694191468e-02 1.025105170844133468e-01 4.813783846606345396e-01
1.239508165580793658e-01 1.000000000000000000e+00 4.731838592612179206e-01 4.298078016453719674e-01 3.908327215945148203e-01 4.655562592853789150e-01 4.679220524248191571e-01 4.642143431969428247e-01 4.592890236428388562e-01 5.871992922037778673e-01 4.639452311754530545e-01 3.822344944002550871e-01 5.365736014221494932e-01 4.384974458755778182e-01 3.877165139574669239e-01 5.395177545949328968e-01 4.085420798316332647e-01 3.497989066529569313e-01 5.570164039837972592e-01 4.586258834836551834e-01 4.083714574143589293e-01 4.650010275679890559e-01 3.737339866623851647e-01 3.423810881324759192e-01 4.237925654197216008e-01 3.846906976002175682e-01 3.726617195721634856e-01 -4.816465829567791179e-02 -6.110784731262650787e-02 4.708634528152794707e-01
-1.550398161336368485e-01 4.731838592612179206e-01 1.000000000000000000e+00 9.705549029105838832e-01 9.790963978530887735e-01 9.993851934329981423e-01 9.993396905729792223e-01 9.985020035828021667e-01 9.969583787971448841e-01 9.716450304603330146e-01 9.998024947412640362e-01 9.844020140392447660e-01 9.359616641861024933e-01 9.690309316826699604e-01 9.580472250180352978e-01 9.591348011217204483e-01 9.881581126175351670e-01 9.564420960056014831e-01 9.834462744274670154e-01 9.996023840352885603e-01 9.925007959827425452e-01 9.717639493981452548e-01 9.550135215581649906e-01 9.348089530351814114e-01 9.894621633987974452e-01 9.746499934166109602e-01 9.756314977396514099e-01 -1.309435411876198330e-01 -1.060408462524710660e-01 -6.355613976648435970e-02
-1.283252016148850871e-01 4.298078016453719674e-01 9.705549029105838832e-01 1.000000000000000000e+00 9.899484205326615216e-01 9.742263540626985296e-01 9.755950173691754213e-01 9.799713272571322076e-01 9.839094401029604420e-01 9.336024902921551405e-01 9.682591214623150755e-01 9.691903183840475666e-01 9.305484428528111307e-01 9.995015892932435086e-01 9.944960309830113143e-01 9.481240573321406684e-01 9.895233036507531388e-01 9.806315743616020875e-01 9.452379420793898257e-01 9.713506658068853383e-01 9.702645824258240292e-01 9.954800601527022952e-01 9.909720139182228715e-01 9.796609540713069331e-01 9.924643051784012293e-01 9.896415678321075493e-01 9.825032757095367719e-01 -1.183311199365508493e-01 -9.425248960619264649e-02 -4.653093050311266077e-02
-1.334721736271648751e-01 3.908327215945148203e-01 9.790963978530887735e-01 9.899484205326615216e-01 1.000000000000000000e+00 9.833360951744993805e-01 9.838758214234585298e-01 9.876308167542564576e-01 9.909865804060355998e-01 9.184302445753563804e-01 9.790541337049918358e-01 9.914334625354835895e-01 8.935703138367765419e-01 9.859851594671195096e-01 9.937802140019803554e-01 9.229167201042615121e-01 9.984776476526313616e-01 9.952532296970684200e-01 9.371692157405018264e-01 9.825372505575955540e-01 9.895485275822502036e-01 9.765674861339371793e-01 9.940906642805814597e-01 9.865382137170176646e-01 9.970564414677276499e-01 9.996894976222472362e-01 9.980671570124086678e-01 -1.036939166446468191e-01 -8.354215324513369900e-02 -6.705592420207490134e-02
-1.491090950223121492e-01 4.655562592853789150e-01 9.993851934329981423e-01 9.742263540626985296e-01 9.833360951744993805e-01 1.000000000000000000e+00 9.999681696957118948e-01 9.995162821549494758e-01 9.981597241452498936e-01 9.657971346765550358e-01 9.990227573913776915e-01 9.887185773070753525e-01 9.337368886615590169e-01 9.719761001929808630e-01 9.636054919990167944e-01 9.527193432152653019e-01 9.911319687576307658e-01 9.631672102605662866e-01 9.780835869175954489e-01 9.997146346349382595e-01 9.951278433382466648e-01 9.737279144236113959e-01 9.609414235160168571e-01 9.423205670344387830e-01 9.917427346770649743e-01 9.790699254119552553e-01 9.813231913970297260e-01 -1.282643799301261545e-01 -1.035941128684267493e-01 -5.757699226634363510e-02
-1.482735916063952775e-01 4.679220524248191571e-01 9.993396905729792223e-01 9.755950173691754213e-01 9.838758214234585298e-01 9.999681696957118948e-01 1.000000000000000000e+00 9.996840835998259678e-01 9.984743958531391295e-01 9.664981014807764170e-01 9.988757255052980177e-01 9.883162468052543170e-01 9.348650225651183865e-01 9.734601326072200855e-01 9.649151044896865370e-01 9.540237163391971364e-01 9.915018308788459134e-01 9.638296281801270737e-01 9.785534544014957703e-01 9.995847061030487257e-01 9.947500524331620575e-01 9.751687348508837339e-01 9.621531880950678906e-01 9.436269886521779782e-01 9.922992556376243334e-01 9.797123131177221111e-01 9.815472497752428804e-01 -1.290634864229847634e-01 -1.041797554729646802e-01 -5.536553565299361795e-02
-1.458935862593770671e-01 4.642143431969428247e-01 9.985020035828021667e-01 9.799713272571322076e-01 9.876308167542564576e-01 9.995162821549494758e-01 9.996840835998259678e-01 1.000000000000000000e+00 9.995154882699401888e-01 9.635149343838602665e-01 9.979598480426010720e-01 9.895527780896418157e-01 9.322299066407847556e-01 9.777439176476412364e-01 9.709585472569647324e-01 9.532698822474865441e-01 9.939991336587691295e-01 9.694754068696194160e-01 9.760636489048775122e-01 9.989814491658572937e-01 9.951132999442783289e-01 9.780719895786254003e-01 9.684533472754126571e-01 9.512961289692172251e-01 9.947686438594169900e-01 9.840436781208982131e-01 9.849311773016491411e-01 -1.279850573679932602e-01 -1.032066222654812598e-01 -5.317339761323949809e-02
-1.451039308453452581e-01 4.592890236428388562e-01 9.969583787971448841e-01 9.839094401029604420e-01 9.909865804060355998e-01 9.981597241452498936e-01 9.984743958531391295e-01 9.995154882699401888e-01 1.000000000000000000e+00 9.598126063391834162e-01 9.964090633875245517e-01 9.899292502681187322e-01 9.277082375359313460e-01 9.816710065239928618e-01 9.768634317793143396e-01 9.525006554309808360e-01 9.959694482542132965e-01 9.748439090974266863e-01 9.731599863108961745e-01 9.976126571816045230e-01 9.946362688834602395e-01 9.802886695934435179e-01 9.746817207652371806e-01 9.590260044966900654e-01 9.967684846616871042e-01 9.881438027203254260e-01 9.875064009759968453e-01 -1.267504736715520386e-01 -1.022304104134132974e-01 -5.349275324054766217e-02
-1.621817544434194514e-01 5.871992922037778673e-01 9.716450304603330146e-01 9.336024902921551405e-01 9.184302445753563804e-01 9.657971346765550358e-01 9.664981014807764170e-01 9.635149343838602665e-01 9.598126063391834162e-01 1.000000000000000000e+00 9.687563375256282860e-01 9.162379005354183148e-01 9.698083046685385122e-01 9.383258169073721566e-01 9.001256599465091712e-01 9.871334912418170404e-01 9.357139763151102185e-01 8.782231479890389991e-01 9.977719031975930131e-01 9.647280588471410789e-01 9.358872676496218235e-01 9.545283962157969926e-01 8.906831441796675408e-01 8.580826894137789651e-01 9.446157403349354498e-01 9.118505787677235741e-01 9.053452628945820591e-01 -1.718934271208043263e-01 -1.382026587244037097e-01 -2.213855807629509093e-02
-1.574269596881339717e-01 4.639452311754530545e-01 9.998024947412640362e-01 9.682591214623150755e-01 9.790541337049918358e-01 9.990227573913776915e-01 9.988757255052980177e-01 9.979598480426010720e-01 9.964090633875245517e-01 9.687563375256282860e-01 1.000000000000000000e+00 9.854264494724280787e-01 9.307390692934389698e-01 9.664870518092426588e-01 9.566974549804988515e-01 9.563277092897959353e-01 9.881000277847973301e-01 9.566855479228824066e-01 9.816174149043987995e-01 9.996744261419953093e-01 9.933576037657746438e-01 9.685512789675859713e-01 9.541155729330922375e-01 9.342423155848885719e-01 9.889936212047736319e-01 9.746459420941289142e-01 9.759136746816907682e-01 -1.276222964366418022e-01 -1.036262929219065460e-01 -7.176194093540422259e-02
-1.361982104759255074e-01 3.822344944002550871e-01 9.844020140392447660e-01 9.691903183840475666e-01 9.914334625354835895e-01 9.887185773070753525e-01 9.883162468052543170e-01 9.895527780896418157e-01 9.899292502681187322e-01 9.162379005354183148e-01 9.854264494724280787e-01 1.000000000000000000e+00 8.836837417606964173e-01 9.630844538978243774e-01 9.724626980391266606e-01 9.043123847999818832e-01 9.931713396954584550e-01 9.838603010325800424e-01 9.366193266679420093e-01 9.888368611554275711e-01 9.983933234856759986e-01 9.560614658457279313e-01 9.737761412745634670e-01 9.640379309377372641e-01 9.890725705631423503e-01 9.888786169548331451e-01 9.954154141210153073e-01 -9.985783322224611736e-02 -8.096826877854493287e-02 -7.387641148004306380e-02
-1.506003219262511961e-01 5.365736014221494932e-01 9.359616641861024933e-01 9.305484428528111307e-01 8.935703138367765419e-01 9.337368886615590169e-01 9.348650225651183865e-01 9.322299066407847556e-01 9.277082375359313460e-01 9.698083046685385122e-01 9.307390692934389698e-01 8.836837417606964173e-01 1.000000000000000000e+00 9.371708435239652912e-01 8.876737061202860657e-01 9.719335894829124189e-01 9.108538522137360482e-01 8.527814680696192973e-01 9.617490661294184617e-01 9.291513780099106556e-01 9.012531160170671463e-01 9.602663499336595576e-01 8.744094946944785951e-01 8.399676734355805419e-01 9.218782679838826155e-01 8.858730779271708489e-01 8.816843655182413642e-01 -1.556059771499188338e-01 -1.239798431983830523e-01 -3.891935078513681506e-02
-1.306711127429337205e-01 4.384974458755778182e-01 9.690309316826699604e-01 9.995015892932435086e-01 9.859851594671195096e-01 9.719761001929808630e-01 9.734601326072200855e-01 9.777439176476412364e-01 9.816710065239928618e-01 9.383258169073721566e-01 9.664870518092426588e-01 9.630844538978243774e-01 9.371708435239652912e-01 1.000000000000000000e+00 9.915401813082894700e-01 9.553551177261778715e-01 9.864090554683156986e-01 9.746273504319517000e-01 9.486552633955392944e-01 9.690558815233532020e-01 9.654687012855756034e-01 9.972691126071656642e-01 9.872350674557966999e-01 9.744500756498122307e-01 9.903762929504354995e-01 9.856009182534229973e-01 9.768758849194059124e-01 -1.213309666799533698e-01 -9.665349823607850832e-02 -4.698130148099170789e-02
-1.182681959101382629e-01 3.877165139574669239e-01 9.580472250180352978e-01 9.944960309830113143e-01 9.937802140019803554e-01 9.636054919990167944e-01 9.649151044896865370e-01 9.709585472569647324e-01 9.768634317793143396e-01 9.001256599465091712e-01 9.566974549804988515e-01 9.724626980391266606e-01 8.876737061202860657e-01 9.915401813082894700e-01 1.000000000000000000e+00 9.154443548823076870e-01 9.884434326334349263e-01 9.938186229644236924e-01 9.172407336708101599e-01 9.612422318887803296e-01 9.685405304104010016e-01 9.800810131647029744e-01 9.994975419743192813e-01 9.951440155229557272e-01 9.885939555224851905e-01 9.953271724400631904e-01 9.888227052722624588e-01 -1.043811081993626794e-01 -8.312339130548970778e-02 -4.698116373465942991e-02
-1.687804495260646631e-01 5.395177545949328968e-01 9.591348011217204483e-01 9.481240573321406684e-01 9.229167201042615121e-01 9.527193432152653019e-01 9.540237163391971364e-01 9.532698822474865441e-01 9.525006554309808360e-01 9.871334912418170404e-01 9.563277092897959353e-01 9.043123847999818832e-01 9.719335894829124189e-01 9.553551177261778715e-01 9.154443548823076870e-01 1.000000000000000000e+00 9.375962480511144115e-01 8.849654091149675716e-01 9.865360763125629040e-01 9.519555279214628740e-01 9.230573953237832807e-01 9.684487730313513509e-01 9.055155371164532729e-01 8.746313518602516490e-01 9.484459922367287632e-01 9.186111292078864565e-01 9.039300677659228844e-01 -1.556756314235489547e-01 -1.253335080177331862e-01 -6.078568496951124167e-02
-1.397479432489728557e-01 4.085420798316332647e-01 9.881581126175351670e-01 9.895233036507531388e-01 9.984776476526313616e-01 9.911319687576307658e-01 9.915018308788459134e-01 9.939991336587691295e-01 9.959694482542132965e-01 9.357139763151102185e-01 9.881000277847973301e-01 9.931713396954584550e-01 9.108538522137360482e-01 9.864090554683156986e-01 9.884434326334349263e-01 9.375962480511144115e-01 1.000000000000000000e+00 9.885387589596504876e-01 9.527190722811071932e-01 9.906074621139070446e-01 9.939475777261457257e-01 9.804893237350861268e-01 9.877037312180830808e-01 9.763758421278703192e-01 9.993614633587232232e-01 9.969980107766774902e-01 9.960198692260654463e-01 -1.091569905665431828e-01 -8.806547374193154920e-02 -7.016540179262824306e-02
-1.206743401742624289e-01 3.497989066529569313e-01 9.564420960056014831e-01 9.806315743616020875e-01 9.952532296970684200e-01 9.631672102605662866e-01 9.638296281801270737e-01 9.694754068696194160e-01 9.748439090974266863e-01 8.782231479890389991e-01 9.566855479228824066e-01 9.838603010325800424e-01 8.527814680696192973e-01 9.746273504319517000e-01 9.938186229644236924e-01 8.849654091149675716e-01 9.885387589596504876e-01 1.000000000000000000e+00 9.006419548500701477e-01 9.620469485692083600e-01 9.768223454100667391e-01 9.589767889176924465e-01 9.963706000247857242e-01 9.957004974394860763e-01 9.850169988644014163e-01 9.967346741278056976e-01 9.956189696219228669e-01 -9.068311464837586211e-02 -7.292202558808824620e-02 -6.298955212187430652e-02
-1.655084528452879511e-01 5.570164039837972592e-01 9.834462744274670154e-01 9.452379420793898257e-01 9.371692157405018264e-01 9.780835869175954489e-01 9.785534544014957703e-01 9.760636489048775122e-01 9.731599863108961745e-01 9.977719031975930131e-01 9.816174149043987995e-01 9.366193266679420093e-01 9.617490661294184617e-01 9.486552633955392944e-01 9.172407336708101599e-01 9.865360763125629040e-01 9.527190722811071932e-01 9.006419548500701477e-01 1.000000000000000000e+00 9.779641147669422274e-01 9.539593622796803674e-01 9.609701758122694004e-01 9.095998361272398247e-01 8.797606644709959900e-01 9.598185827880469922e-01 9.313170736183097320e-01 9.254830483473307501e-01 -1.609264022180303400e-01 -1.298859208556847888e-01 -4.150503250990429660e-02
-1.532213053491954524e-01 4.586258834836551834e-01 9.996023840352885603e-01 9.713506658068853383e-01 9.825372505575955540e-01 9.997146346349382595e-01 9.995847061030487257e-01 9.989814491658572937e-01 9.976126571816045230e-01 9.647280588471410789e-01 9.996744261419953093e-01 9.888368611554275711e-01 9.291513780099106556e-01 9.690558815233532020e-01 9.612422318887803296e-01 9.519555279214628740e-01 9.906074621139070446e-01 9.620469485692083600e-01 9.779641147669422274e-01 1.000000000000000000e+00 9.955178652364972125e-01 9.703300090642447140e-01 9.589407984918609795e-01 9.402671851468225039e-01 9.910044743343253693e-01 9.782939462587193491e-01 9.804014977242907491e-01 -1.258291985294966719e-01 -1.019851783464521405e-01 -6.732574767424770457e-02
-1.443055401312334229e-01 4.083714574143589293e-01 9.925007959827425452e-01 9.702645824258240292e-01 9.895485275822502036e-01 9.951278433382466648e-01 9.947500524331620575e-01 9.951132999442783289e-01 9.946362688834602395e-01 9.358872676496218235e-01 9.933576037657746438e-01 9.983933234856759986e-01 9.012531160170671463e-01 9.654687012855756034e-01 9.685405304104010016e-01 9.230573953237832807e-01 9.939475777261457257e-01 9.768223454100667391e-01 9.539593622796803674e-01 9.955178652364972125e-01 1.000000000000000000e+00 9.615928616470537094e-01 9.686394716692221518e-01 9.553687606168926871e-01 9.913379269528135307e-01 9.862158961220651721e-01 9.915526231918340150e-01 -1.085408095033602305e-01 -8.813661768370129046e-02 -7.560511647716738892e-02
-1.337525866765897353e-01 4.650010275679890559e-01 9.717639493981452548e-01 9.954800601527022952e-01 9.765674861339371793e-01 9.737279144236113959e-01 9.751687348508837339e-01 9.780719895786254003e-01 9.802886695934435179e-01 9.545283962157969926e-01 9.685512789675859713e-01 9.560614658457279313e-01 9.602663499336595576e-01 9.972691126071656642e-01 9.800810131647029744e-01 9.684487730313513509e-01 9.804893237350861268e-01 9.589767889176924465e-01 9.609701758122694004e-01 9.703300090642447140e-01 9.615928616470537094e-01 1.000000000000000000e+00 9.737720347728042736e-01 9.562913862909119267e-01 9.859967005095326975e-01 9.746563011596419690e-01 9.667758124566626643e-01 -1.303988844721082341e-01 -1.037395964803948245e-01 -4.196475469784112511e-02
-1.189019117542607640e-01 3.737339866623851647e-01 9.550135215581649906e-01 9.909720139182228715e-01 9.940906642805814597e-01 9.609414235160168571e-01 9.621531880950678906e-01 9.684533472754126571e-01 9.746817207652371806e-01 8.906831441796675408e-01 9.541155729330922375e-01 9.737761412745634670e-01 8.744094946944785951e-01 9.872350674557966999e-01 9.994975419743192813e-01 9.055155371164532729e-01 9.877037312180830808e-01 9.963706000247857242e-01 9.095998361272398247e-01 9.589407984918609795e-01 9.686394716692221518e-01 9.737720347728042736e-01 1.000000000000000000e+00 9.974042966487224326e-01 9.869079784931665822e-01 9.960008601792601501e-01 9.901194177510677097e-01 -9.947312668429145188e-02 -7.942558033187697986e-02 -5.255885036769345625e-02
-1.123044341478943581e-01 3.423810881324759192e-01 9.348089530351814114e-01 9.796609540713069331e-01 9.865382137170176646e-01 9.423205670344387830e-01 9.436269886521779782e-01 9.512961289692172251e-01 9.590260044966900654e-01 8.580826894137789651e-01 9.342423155848885719e-01 9.640379309377372641e-01 8.399676734355805419e-01 9.744500756498122307e-01 9.951440155229557272e-01 8.746313518602516490e-01 9.763758421278703192e-01 9.957004974394860763e-01 8.797606644709959900e-01 9.402671851468225039e-01 9.553687606168926871e-01 9.562913862909119267e-01 9.974042966487224326e-01 1.000000000000000000e+00 9.741142675275494822e-01 9.898023329626187694e-01 9.840530247374821293e-01 -8.951611583468019329e-02 -7.149702595314613718e-02 -5.356814604305980970e-02
-1.424689960438473291e-01 4.237925654197216008e-01 9.894621633987974452e-01 9.924643051784012293e-01 9.970564414677276499e-01 9.917427346770649743e-01 9.922992556376243334e-01 9.947686438594169900e-01 9.967684846616871042e-01 9.446157403349354498e-01 9.889936212047736319e-01 9.890725705631423503e-01 9.218782679838826155e-01 9.903762929504354995e-01 9.885939555224851905e-01 9.484459922367287632e-01 9.993614633587232232e-01 9.850169988644014163e-01 9.598185827880469922e-01 9.910044743343253693e-01 9.913379269528135307e-01 9.859967005095326975e-01 9.869079784931665822e-01 9.741142675275494822e-01 1.000000000000000000e+00 9.954882667884703551e-01 9.927639071219211964e-01 -1.145661952729844640e-01 -9.235201274953630524e-02 -6.814113593583638606e-02
-1.315581379298106368e-01 3.846906976002175682e-01 9.746499934166109602e-01 9.896415678321075493e-01 9.996894976222472362e-01 9.790699254119552553e-01 9.797123131177221111e-01 9.840436781208982131e-01 9.881438027203254260e-01 9.118505787677235741e-01 9.746459420941289142e-01 9.888786169548331451e-01 8.858730779271708489e-01 9.856009182534229973e-01 9.953271724400631904e-01 9.186111292078864565e-01 9.969980107766774902e-01 9.967346741278056976e-01 9.313170736183097320e-01 9.782939462587193491e-01 9.862158961220651721e-01 9.746563011596419690e-01 9.960008601792601501e-01 9.898023329626187694e-01 9.954882667884703551e-01 1.000000000000000000e+00 9.972523722599645479e-01 -1.018165032176903823e-01 -8.199513873291773558e-02 -6.645407917844378676e-02
-1.290395324599965809e-01 3.726617195721634856e-01 9.756314977396514099e-01 9.825032757095367719e-01 9.980671570124086678e-01 9.813231913970297260e-01 9.815472497752428804e-01 9.849311773016491411e-01 9.875064009759968453e-01 9.053452628945820591e-01 9.759136746816907682e-01 9.954154141210153073e-01 8.816843655182413642e-01 9.768758849194059124e-01 9.888227052722624588e-01 9.039300677659228844e-01 9.960198692260654463e-01 9.956189696219228669e-01 9.254830483473307501e-01 9.804014977242907491e-01 9.915526231918340150e-01 9.667758124566626643e-01 9.901194177510677097e-01 9.840530247374821293e-01 9.927639071219211964e-01 9.972523722599645479e-01 1.000000000000000000e+00 -9.741921088375346538e-02 -7.853459575594581854e-02 -6.729197451914531447e-02
2.919857833694191468e-02 -4.816465829567791179e-02 -1.309435411876198330e-01 -1.183311199365508493e-01 -1.036939166446468191e-01 -1.282643799301261545e-01 -1.290634864229847634e-01 -1.279850573679932602e-01 -1.267504736715520386e-01 -1.718934271208043263e-01 -1.276222964366418022e-01 -9.985783322224611736e-02 -1.556059771499188338e-01 -1.213309666799533698e-01 -1.043811081993626794e-01 -1.556756314235489547e-01 -1.091569905665431828e-01 -9.068311464837586211e-02 -1.609264022180303400e-01 -1.258291985294966719e-01 -1.085408095033602305e-01 -1.303988844721082341e-01 -9.947312668429145188e-02 -8.951611583468019329e-02 -1.145661952729844640e-01 -1.018165032176903823e-01 -9.741921088375346538e-02 1.000000000000000000e+00 2.944565845993296072e-01 6.270919169717707568e-03
1.025105170844133468e-01 -6.110784731262650787e-02 -1.060408462524710660e-01 -9.425248960619264649e-02 -8.354215324513369900e-02 -1.035941128684267493e-01 -1.041797554729646802e-01 -1.032066222654812598e-01 -1.022304104134132974e-01 -1.382026587244037097e-01 -1.036262929219065460e-01 -8.096826877854493287e-02 -1.239798431983830523e-01 -9.665349823607850832e-02 -8.312339130548970778e-02 -1.253335080177331862e-01 -8.806547374193154920e-02 -7.292202558808824620e-02 -1.298859208556847888e-01 -1.019851783464521405e-01 -8.813661768370129046e-02 -1.037395964803948245e-01 -7.942558033187697986e-02 -7.149702595314613718e-02 -9.235201274953630524e-02 -8.199513873291773558e-02 -7.853459575594581854e-02 2.944565845993296072e-01 1.000000000000000000e+00 1.010948822534433848e-02
4.813783846606345396e-01 4.708634528152794707e-01 -6.355613976648435970e-02 -4.653093050311266077e-02 -6.705592420207490134e-02 -5.757699226634363510e-02 -5.536553565299361795e-02 -5.317339761323949809e-02 -5.349275324054766217e-02 -2.213855807629509093e-02 -7.176194093540422259e-02 -7.387641148004306380e-02 -3.891935078513681506e-02 -4.698130148099170789e-02 -4.698116373465942991e-02 -6.078568496951124167e-02 -7.016540179262824306e-02 -6.298955212187430652e-02 -4.150503250990429660e-02 -6.732574767424770457e-02 -7.560511647716738892e-02 -4.196475469784112511e-02 -5.255885036769345625e-02 -5.356814604305980970e-02 -6.814113593583638606e-02 -6.645407917844378676e-02 -6.729197451914531447e-02 6.270919169717707568e-03 1.010948822534433848e-02 1.000000000000000000e+00
